(0,0) (52,0) (102,0) (156,0) (209,0) (262,0) (313,0) (363,0) (418,0) (470,0) (521,0) (572,0)
(0,47) (53,47) (105,47) (156,47) (210,47) (262,47) (314,47) (362,47) (417,47) (467,47) (520,47) (574,47)
(1,95) (54,95) (106,95) (154,95) (209,95) (260,95) (313,95) (364,95) (416,95) (468,95) (520,95) (572,95)
(1,143) (52,143) (104,143) (158,143) (210,143) (259,143) (313,143) (364,143) (416,143) (468,143) (522,143) (573,143)
(2,191) (50,191) (106,191) (158,191) (208,191) (262,191) (313,191) (366,191) (416,191) (470,191) (521,191) (573,191)
(1,239) (54,239) (106,239) (158,239) (209,239) (262,239) (310,239) (365,239) (417,239) (470,239) (520,239) (572,239)
(2,287) (54,287) (103,287) (157,287) (207,287) (260,287) (310,287) (366,287) (417,287) (468,287) (521,287) (573,287)
(1,335) (54,335) (106,335) (157,335) (209,335) (260,335) (313,335) (366,335) (417,335) (470,335) (520,335) (573,335)
(0,383) (54,383) (104,383) (156,383) (208,383) (260,383) (313,383) (364,383) (416,383) (470,383) (520,383) (571,383)
(2,431) (52,431) (104,431) (156,431) (209,431) (260,431) (314,431) (365,431) (418,431) (470,431) (518,431) (574,431)
(1,479) (54,479) (105,479) (156,479) (208,479) (260,479) (312,479) (364,479) (416,479) (470,479) (521,479) (573,479)
(0,527) (54,527) (105,527) (158,527) (209,527) (262,527) (312,527) (364,527) (417,527) (468,527) (520,527) (570,527)
(0,575) (54,575) (105,575) (158,575) (209,575) (262,575) (312,575) (366,575) (417,575) (470,575) (520,575) (574,575)
(1,623) (52,623) (105,623) (156,623) (209,623) (262,623) (312,623) (366,623) (417,623) (468,623) (521,623) (574,623)
